0.3350 
0.4425 
0.4850 
0.5000 
0.5200 
0.5300 
0.5600 
0.5975 
0.6375 
0.7175 
0.7550 
0.7925 
0.8100 
0.8075 
0.8150 
0.8150 
0.8250 
0.8300 
0.8350 
0.8375 
0.8525 
0.8575 
0.8575 
0.8600 
0.8700 
0.8700 
0.8750 
0.8725 
0.8750 
0.8725 
0.8750 
0.8750 
0.8700 
0.8625 
0.8725 
0.8650 
0.8650 
0.8675 
0.8700 
0.8750 
0.8650 
0.8825 
0.8850 
0.8850 
0.8725 
0.8725 
0.8875 
0.8925 
0.8925 
0.8775 
0.8800 
0.8975 
0.9050 
0.8925 
0.9000 
0.9075 
0.9125 
0.9050 
0.9025 
0.9050 
0.9025 
0.9125 
0.9125 
0.9200 
0.9075 
0.9200 
0.9250 
0.9200 
0.9275 
0.9175 
0.9150 
0.9325 
0.9375 
0.9375 
0.9400 
0.9400 
0.9375 
0.9325 
0.9375 
0.9400 
0.9450 
0.9400 
0.9375 
0.9450 
0.9450 
0.9500 
0.9525 
0.9500 
0.9500 
0.9450 
0.9450 
0.9500 
0.9475 
0.9500 
0.9450 
0.9450 
0.9500 
0.9525 
0.9525 
0.9550 
