1.3876 
1.3687 
1.3510 
1.3331 
1.3139 
1.2926 
1.2685 
1.2410 
1.2103 
1.1765 
1.1400 
1.1011 
1.0602 
1.0177 
0.9740 
0.9295 
0.8849 
0.8406 
0.7973 
0.7551 
0.7144 
0.6754 
0.6382 
0.6027 
0.5688 
0.5365 
0.5054 
0.4756 
0.4467 
0.4189 
0.3923 
0.3678 
0.3449 
0.3261 
0.3047 
0.2889 
0.2695 
0.2540 
0.2384 
0.2353 
0.2176 
0.2113 
0.2024 
0.1910 
0.1856 
0.1753 
0.1675 
0.1645 
0.1493 
0.1428 
0.1482 
0.1329 
0.1255 
0.1182 
0.1160 
0.1109 
0.1039 
0.0957 
0.0891 
0.0816 
0.0767 
0.0714 
0.0764 
0.0701 
0.0678 
0.0617 
0.0640 
0.0758 
0.1985 
0.0818 
0.2158 
0.0665 
0.0880 
0.1136 
0.1120 
0.0897 
0.0695 
0.0868 
0.0974 
0.0828 
0.0600 
0.0492 
0.0569 
0.0613 
0.0596 
0.0538 
0.0477 
0.0417 
0.0394 
0.0442 
0.0440 
0.0410 
0.0372 
0.0355 
0.0372 
0.0369 
0.0342 
0.0332 
0.0324 
0.0322 
