0.2675 
0.2935 
0.3102 
0.3291 
0.3636 
0.3795 
0.4306 
0.4733 
0.5377 
0.6320 
0.6828 
0.7307 
0.7598 
0.7630 
0.7719 
0.7761 
0.7889 
0.7994 
0.8081 
0.8138 
0.8371 
0.8443 
0.8456 
0.8496 
0.8598 
0.8591 
0.8659 
0.8631 
0.8654 
0.8626 
0.8647 
0.8654 
0.8603 
0.8532 
0.8628 
0.8559 
0.8559 
0.8588 
0.8622 
0.8673 
0.8557 
0.8745 
0.8783 
0.8785 
0.8659 
0.8651 
0.8804 
0.8858 
0.8857 
0.8704 
0.8734 
0.8896 
0.8971 
0.8855 
0.8934 
0.8997 
0.9053 
0.8982 
0.8961 
0.8984 
0.8955 
0.9064 
0.9061 
0.9144 
0.9017 
0.9153 
0.9203 
0.9150 
0.9214 
0.9136 
0.9112 
0.9272 
0.9328 
0.9339 
0.9370 
0.9373 
0.9329 
0.9281 
0.9344 
0.9371 
0.9414 
0.9363 
0.9342 
0.9415 
0.9409 
0.9460 
0.9501 
0.9475 
0.9475 
0.9419 
0.9416 
0.9469 
0.9445 
0.9470 
0.9408 
0.9409 
0.9472 
0.9504 
0.9502 
0.9531 
