1.1025 
1.0692 
1.0419 
1.0208 
1.0049 
0.9904 
0.9731 
0.9510 
0.9252 
0.8975 
0.8681 
0.8373 
0.8065 
0.7772 
0.7475 
0.7146 
0.6798 
0.6474 
0.6192 
0.5914 
0.5620 
0.5332 
0.5064 
0.4815 
0.4564 
0.4310 
0.4092 
0.3878 
0.3658 
0.3455 
0.3275 
0.3078 
0.2905 
0.2732 
0.2566 
0.2425 
0.2269 
0.2139 
0.2002 
0.1885 
0.1768 
0.1679 
0.1581 
0.1450 
0.1319 
0.1257 
0.1202 
0.1148 
0.1023 
0.0940 
0.0931 
0.0873 
0.0801 
0.0727 
0.0691 
0.0692 
0.0664 
0.0626 
0.0563 
0.0508 
0.0504 
0.0499 
0.0447 
0.0416 
0.0402 
0.0391 
0.0407 
0.0448 
0.0608 
0.1533 
0.1719 
0.0394 
0.0942 
0.0648 
0.0417 
0.0934 
0.0364 
0.0654 
0.0633 
0.0393 
0.0554 
0.0448 
0.0270 
0.0398 
0.0380 
0.0243 
0.0344 
0.0310 
0.0214 
0.0235 
0.0282 
0.0220 
0.0202 
0.0248 
0.0210 
0.0181 
0.0199 
0.0203 
0.0173 
0.0171 
