0.2501 
0.2202 
0.2202 
0.2202 
0.2202 
0.2202 
0.2202 
0.2361 
0.2540 
0.3248 
0.3784 
0.4291 
0.4728 
0.4760 
0.4780 
0.5085 
0.5388 
0.5634 
0.5825 
0.5931 
0.6076 
0.6224 
0.6383 
0.6561 
0.6566 
0.6543 
0.6569 
0.6638 
0.6884 
0.6973 
0.7196 
0.7356 
0.7367 
0.7255 
0.7315 
0.7257 
0.7167 
0.7228 
0.7129 
0.7373 
0.7340 
0.7347 
0.7263 
0.7394 
0.7381 
0.7392 
0.7534 
0.7637 
0.7519 
0.7536 
0.7765 
0.7632 
0.7676 
0.7687 
0.7687 
0.7819 
0.7715 
0.7809 
0.7622 
0.7749 
0.7753 
0.7729 
0.7716 
0.7704 
0.7749 
0.7684 
0.7819 
0.7789 
0.7671 
0.7533 
0.7054 
0.7626 
0.7424 
0.7584 
0.7518 
0.7295 
0.7404 
0.7573 
0.7547 
0.7590 
0.7435 
0.7425 
0.7557 
0.7616 
0.7613 
0.7575 
0.7562 
0.7562 
0.7580 
0.7552 
0.7543 
0.7472 
0.7522 
0.7576 
0.7495 
0.7491 
0.7534 
0.7534 
0.7525 
0.7639 
