0.3673 
0.4932 
0.4932 
0.4932 
0.4932 
0.4932 
0.4932 
0.5000 
0.5034 
0.5238 
0.5442 
0.5646 
0.5748 
0.5646 
0.5612 
0.5850 
0.6054 
0.6224 
0.6361 
0.6463 
0.6633 
0.6667 
0.6769 
0.6871 
0.6871 
0.6905 
0.6939 
0.7007 
0.7211 
0.7245 
0.7415 
0.7585 
0.7619 
0.7483 
0.7517 
0.7415 
0.7347 
0.7381 
0.7279 
0.7483 
0.7449 
0.7483 
0.7381 
0.7551 
0.7517 
0.7517 
0.7619 
0.7755 
0.7619 
0.7619 
0.7823 
0.7721 
0.7755 
0.7755 
0.7755 
0.7891 
0.7789 
0.7891 
0.7721 
0.7823 
0.7823 
0.7823 
0.7789 
0.7789 
0.7823 
0.7755 
0.7891 
0.7857 
0.7755 
0.7517 
0.7177 
0.7721 
0.7517 
0.7619 
0.7619 
0.7415 
0.7517 
0.7653 
0.7619 
0.7687 
0.7517 
0.7517 
0.7653 
0.7687 
0.7687 
0.7653 
0.7619 
0.7619 
0.7653 
0.7619 
0.7619 
0.7551 
0.7619 
0.7653 
0.7585 
0.7585 
0.7619 
0.7619 
0.7619 
0.7721 
