0.2272 
0.0598 
0.1406 
0.4993 
0.4535 
0.4569 
0.6278 
0.6175 
0.6399 
0.7111 
0.7616 
0.7422 
0.7823 
0.7626 
0.8082 
0.7951 
0.8054 
0.7979 
0.8249 
0.8196 
0.8020 
0.7942 
0.8080 
0.8102 
0.8191 
0.8326 
0.8270 
0.8161 
0.8232 
0.8275 
0.8214 
0.8155 
0.8110 
0.8100 
0.8312 
0.8090 
0.8220 
0.8295 
0.8138 
0.8170 
0.8317 
0.8324 
0.8475 
0.8346 
0.8227 
0.8455 
0.8435 
0.8465 
0.8171 
0.7392 
0.6185 
0.7373 
0.5533 
0.5642 
0.7845 
0.6865 
0.7966 
0.7860 
0.8044 
0.7642 
0.6983 
0.6097 
0.5210 
0.4135 
0.4916 
0.5887 
0.7036 
0.7697 
0.7082 
0.7106 
0.7479 
0.7789 
0.7533 
0.7523 
0.7806 
0.7782 
0.7466 
0.7520 
0.7874 
0.8000 
0.8083 
0.8137 
0.8115 
0.8227 
0.8194 
0.8217 
0.8133 
0.8064 
0.8041 
0.8103 
0.8200 
0.8257 
0.8255 
0.8245 
0.8375 
0.8329 
0.8425 
0.8378 
0.8453 
0.8402 
