0.2698 
0.3086 
0.3499 
0.3738 
0.4647 
0.5726 
0.6526 
0.6827 
0.7076 
0.7218 
0.7385 
0.7450 
0.7665 
0.7847 
0.8098 
0.8111 
0.8280 
0.8300 
0.8254 
0.8293 
0.8323 
0.8353 
0.8372 
0.8372 
0.8435 
0.8267 
0.8332 
0.8286 
0.8356 
0.8373 
0.8493 
0.8392 
0.8563 
0.8634 
0.8609 
0.8635 
0.8606 
0.8505 
0.8579 
0.8535 
0.8638 
0.8631 
0.8702 
0.8648 
0.8680 
0.8830 
0.8875 
0.8815 
0.8859 
0.8921 
0.8928 
0.8958 
0.8952 
0.9099 
0.9091 
0.9073 
0.9091 
0.9139 
0.9161 
0.9167 
0.9102 
0.9136 
0.9178 
0.9289 
0.9241 
0.9208 
0.9165 
0.9086 
0.9371 
0.9141 
0.9099 
0.9185 
0.9213 
0.9006 
0.8987 
0.9105 
0.9161 
0.9239 
0.9291 
0.9314 
0.9314 
0.9347 
0.9334 
0.9294 
0.9287 
0.9320 
0.9383 
0.9416 
0.9474 
0.9529 
0.9446 
0.9446 
0.9475 
0.9529 
0.9474 
0.9451 
0.9429 
0.9431 
0.9408 
0.9433 
