0.1191 
0.1494 
0.3283 
0.3329 
0.4333 
0.5532 
0.6079 
0.6259 
0.6470 
0.6552 
0.7181 
0.7407 
0.7521 
0.7892 
0.8069 
0.8082 
0.8104 
0.8194 
0.8128 
0.8174 
0.8286 
0.8370 
0.8453 
0.8593 
0.8627 
0.8458 
0.8537 
0.8615 
0.8830 
0.8902 
0.8946 
0.8894 
0.8812 
0.8967 
0.9058 
0.9091 
0.9100 
0.9081 
0.9100 
0.9104 
0.9133 
0.9169 
0.9194 
0.9167 
0.9248 
0.9223 
0.9252 
0.9300 
0.9269 
0.9229 
0.9218 
0.9294 
0.9307 
0.9407 
0.9406 
0.9286 
0.9231 
0.9288 
0.9339 
0.9371 
0.9371 
0.9352 
0.9372 
0.9373 
0.9320 
0.9394 
0.9334 
0.9347 
0.9380 
0.9406 
0.9377 
0.9373 
0.9364 
0.9371 
0.9393 
0.9394 
0.9321 
0.9290 
0.9232 
0.9350 
0.9319 
0.9346 
0.9315 
0.9260 
0.9202 
0.9202 
0.9255 
0.9333 
0.9333 
0.9333 
0.9308 
0.9279 
0.9302 
0.9303 
0.9279 
0.9302 
0.9302 
0.9302 
0.9298 
0.9298 
