0.0736 
0.1267 
0.1316 
0.1219 
0.1219 
0.1219 
0.1219 
0.1781 
0.4684 
0.5778 
0.5830 
0.6012 
0.6333 
0.6396 
0.6451 
0.6733 
0.7052 
0.7451 
0.7646 
0.7770 
0.7803 
0.7906 
0.8057 
0.8015 
0.8134 
0.8119 
0.8272 
0.8324 
0.8433 
0.8511 
0.8640 
0.8649 
0.8770 
0.8770 
0.8809 
0.8862 
0.8962 
0.8954 
0.9040 
0.9141 
0.9218 
0.9189 
0.9219 
0.9202 
0.9248 
0.9295 
0.9295 
0.9275 
0.9299 
0.9329 
0.9340 
0.9337 
0.9339 
0.9311 
0.9338 
0.9307 
0.9265 
0.9264 
0.9320 
0.9320 
0.9248 
0.9350 
0.9334 
0.9327 
0.9353 
0.9320 
0.9376 
0.9252 
0.9316 
0.9285 
0.9314 
0.9287 
0.9257 
0.9231 
0.9210 
0.9236 
0.9201 
0.9234 
0.9259 
0.9234 
0.9261 
0.9261 
0.9234 
0.9263 
0.9263 
0.9315 
0.9315 
0.9356 
0.9269 
0.9334 
0.9385 
0.9361 
0.9337 
0.9283 
0.9325 
0.9370 
0.9313 
0.9313 
0.9342 
0.9297 
