0.3250 
0.1300 
0.3325 
0.5725 
0.5150 
0.4875 
0.6525 
0.6625 
0.6800 
0.7400 
0.7875 
0.7450 
0.7875 
0.7675 
0.8150 
0.8000 
0.8175 
0.8100 
0.8375 
0.8325 
0.8075 
0.8025 
0.8175 
0.8225 
0.8325 
0.8425 
0.8375 
0.8275 
0.8325 
0.8375 
0.8325 
0.8275 
0.8225 
0.8200 
0.8425 
0.8250 
0.8300 
0.8400 
0.8275 
0.8300 
0.8425 
0.8425 
0.8600 
0.8450 
0.8350 
0.8550 
0.8575 
0.8550 
0.8325 
0.7475 
0.6100 
0.7550 
0.6250 
0.5850 
0.7975 
0.7050 
0.8175 
0.8050 
0.8150 
0.7650 
0.6975 
0.6150 
0.5650 
0.4350 
0.4950 
0.6225 
0.7125 
0.7750 
0.7100 
0.7125 
0.7650 
0.7950 
0.7625 
0.7600 
0.7925 
0.7850 
0.7475 
0.7525 
0.7925 
0.8075 
0.8175 
0.8225 
0.8200 
0.8325 
0.8275 
0.8300 
0.8200 
0.8150 
0.8125 
0.8200 
0.8325 
0.8400 
0.8400 
0.8375 
0.8425 
0.8425 
0.8525 
0.8475 
0.8550 
0.8500 
