0.1875 
0.3375 
0.5225 
0.5125 
0.5575 
0.6375 
0.6950 
0.7150 
0.7325 
0.7400 
0.7725 
0.7925 
0.7925 
0.8150 
0.8275 
0.8275 
0.8300 
0.8375 
0.8300 
0.8350 
0.8450 
0.8500 
0.8575 
0.8725 
0.8775 
0.8600 
0.8675 
0.8750 
0.8925 
0.9000 
0.9050 
0.9000 
0.8925 
0.9075 
0.9150 
0.9175 
0.9175 
0.9175 
0.9200 
0.9200 
0.9225 
0.9250 
0.9275 
0.9250 
0.9325 
0.9300 
0.9325 
0.9375 
0.9350 
0.9325 
0.9300 
0.9375 
0.9375 
0.9450 
0.9450 
0.9350 
0.9300 
0.9350 
0.9400 
0.9425 
0.9425 
0.9400 
0.9425 
0.9425 
0.9375 
0.9450 
0.9400 
0.9400 
0.9425 
0.9450 
0.9425 
0.9425 
0.9425 
0.9425 
0.9450 
0.9450 
0.9375 
0.9350 
0.9300 
0.9400 
0.9375 
0.9400 
0.9375 
0.9325 
0.9275 
0.9275 
0.9325 
0.9400 
0.9400 
0.9400 
0.9375 
0.9350 
0.9375 
0.9375 
0.9350 
0.9375 
0.9375 
0.9375 
0.9375 
0.9375 
