0.1725 
0.3250 
0.3275 
0.3225 
0.3225 
0.3225 
0.3225 
0.3550 
0.5800 
0.6875 
0.6900 
0.7100 
0.7325 
0.7475 
0.7475 
0.7600 
0.7800 
0.8025 
0.8075 
0.8100 
0.8100 
0.8150 
0.8250 
0.8200 
0.8300 
0.8300 
0.8425 
0.8475 
0.8575 
0.8650 
0.8775 
0.8800 
0.8900 
0.8900 
0.8925 
0.8975 
0.9075 
0.9050 
0.9125 
0.9225 
0.9300 
0.9275 
0.9300 
0.9275 
0.9325 
0.9375 
0.9375 
0.9350 
0.9375 
0.9400 
0.9400 
0.9400 
0.9400 
0.9375 
0.9400 
0.9375 
0.9325 
0.9325 
0.9375 
0.9375 
0.9300 
0.9400 
0.9375 
0.9375 
0.9400 
0.9375 
0.9425 
0.9325 
0.9375 
0.9350 
0.9375 
0.9350 
0.9325 
0.9300 
0.9275 
0.9300 
0.9275 
0.9300 
0.9325 
0.9300 
0.9325 
0.9325 
0.9300 
0.9325 
0.9325 
0.9375 
0.9375 
0.9425 
0.9350 
0.9400 
0.9450 
0.9425 
0.9400 
0.9350 
0.9375 
0.9425 
0.9375 
0.9375 
0.9400 
0.9350 
