0.4527 
0.3806 
0.4627 
0.4527 
0.4254 
0.2861 
0.3010 
0.2761 
0.2612 
0.3010 
0.2786 
0.2637 
0.3284 
0.3856 
0.3905 
0.3781 
0.3010 
0.3085 
0.3159 
0.3259 
0.4552 
0.4478 
0.4478 
0.4478 
0.4453 
0.4453 
0.4453 
0.4478 
0.4478 
0.4478 
0.4527 
0.4552 
0.4552 
0.4577 
0.4552 
0.4552 
0.4527 
0.4527 
0.4527 
0.4527 
0.4527 
0.4527 
0.4527 
0.4527 
0.4552 
0.4502 
0.4502 
0.4502 
0.4502 
0.4502 
0.4502 
0.4502 
0.4502 
0.4502 
0.4502 
0.4502 
0.4502 
0.4527 
0.4527 
0.4527 
0.4527 
0.4527 
0.4527 
0.4527 
0.4527 
0.4527 
0.4527 
0.4527 
0.4527 
0.4527 
0.4527 
0.4527 
0.4527 
0.4527 
0.4527 
0.4527 
0.4527 
0.4527 
0.4527 
0.4527 
0.4527 
0.4527 
0.4527 
0.4527 
0.4527 
0.4527 
0.4527 
0.4527 
0.4527 
0.4527 
0.4527 
0.4527 
0.4527 
0.4527 
0.4527 
0.4502 
0.4502 
0.4502 
0.4502 
0.4502 
0.4502 
0.4502 
0.4502 
0.4502 
0.4502 
0.4502 
0.4502 
0.4502 
0.4502 
0.4502 
0.4502 
0.4502 
0.4502 
0.4502 
0.4502 
0.4502 
0.4502 
0.4502 
0.4502 
0.4502 
0.4502 
0.4502 
0.4502 
0.4502 
0.4502 
0.4502 
0.4502 
0.4502 
0.4502 
0.4502 
0.4502 
0.4502 
0.4502 
0.4502 
0.4502 
0.4502 
0.4502 
0.4502 
0.4502 
0.4502 
0.4502 
0.4502 
0.4502 
0.4502 
0.4502 
0.4502 
0.4502 
0.4502 
0.4502 
0.4502 
0.4502 
0.4502 
0.4502 
0.4502 
0.4502 
0.4502 
0.4502 
0.4502 
0.4502 
0.4502 
0.4502 
0.4502 
0.4502 
0.4502 
0.4502 
0.4502 
0.4502 
0.4502 
0.4502 
0.4502 
0.4502 
0.4502 
0.4502 
0.4502 
0.4502 
0.4502 
0.4502 
0.4502 
0.4502 
0.4502 
0.4502 
0.4502 
0.4502 
0.4502 
0.4502 
0.4502 
0.4502 
0.4502 
0.4502 
0.4527 
0.4527 
0.4527 
0.4527 
0.4527 
0.4527 
0.4527 
0.4527 
0.4527 
0.4527 
0.4527 
0.4502 
0.4478 
0.4478 
0.4478 
0.4478 
0.4502 
0.4502 
0.4502 
0.4502 
0.4502 
0.4502 
0.4502 
0.4502 
0.4502 
0.4502 
0.4502 
0.4502 
0.4502 
0.4502 
0.4502 
0.4502 
0.4502 
0.4502 
0.4502 
0.4502 
0.4502 
0.4502 
0.4502 
0.4502 
0.4502 
0.4502 
0.4502 
0.4502 
0.4502 
0.4502 
0.4502 
0.4502 
0.4502 
0.4502 
0.4502 
0.4502 
0.4502 
0.4502 
0.4502 
0.4502 
0.4502 
0.4502 
0.4502 
0.4502 
0.4502 
0.4502 
0.4502 
0.4502 
0.4502 
0.4502 
0.4502 
0.4502 
0.4502 
0.4502 
0.4502 
0.4502 
0.4502 
0.4502 
0.4502 
0.4502 
0.4502 
0.4502 
0.4502 
0.4502 
0.4502 
0.4502 
0.4502 
0.4502 
0.4502 
0.4502 
0.4502 
0.4502 
0.4502 
0.4502 
0.4502 
0.4502 
0.4502 
0.4502 
0.4502 
0.4502 
0.4502 
0.4502 
0.4502 
0.4502 
0.4502 
0.4502 
0.4502 
0.4502 
0.4502 
0.4502 
0.4502 
0.4502 
0.4502 
0.4502 
0.4502 
