0.2078 
0.2978 
0.2331 
0.2078 
0.2676 
0.1569 
0.1994 
0.1611 
0.1603 
0.2409 
0.1939 
0.1611 
0.2542 
0.2908 
0.3216 
0.3595 
0.2815 
0.2895 
0.2833 
0.2905 
0.2542 
0.2121 
0.2065 
0.2333 
0.2324 
0.2326 
0.2323 
0.2065 
0.2065 
0.2065 
0.2078 
0.2138 
0.2138 
0.2198 
0.2189 
0.2189 
0.2078 
0.2078 
0.2078 
0.2078 
0.2078 
0.2078 
0.2078 
0.2078 
0.2138 
0.2121 
0.2121 
0.2121 
0.2121 
0.2121 
0.2121 
0.2121 
0.2121 
0.2121 
0.2121 
0.2121 
0.2121 
0.2078 
0.2078 
0.2078 
0.2078 
0.2078 
0.2078 
0.2078 
0.2078 
0.2078 
0.2078 
0.2078 
0.2078 
0.2078 
0.2078 
0.2078 
0.2078 
0.2078 
0.2078 
0.2078 
0.2078 
0.2078 
0.2078 
0.2078 
0.2078 
0.2078 
0.2078 
0.2078 
0.2078 
0.2078 
0.2078 
0.2078 
0.2078 
0.2078 
0.2078 
0.2078 
0.2078 
0.2078 
0.2078 
0.2070 
0.2070 
0.2070 
0.2070 
0.2070 
0.2070 
0.2070 
0.2070 
0.2070 
0.2070 
0.2070 
0.2070 
0.2070 
0.2070 
0.2073 
0.2073 
0.2073 
0.2073 
0.2073 
0.2073 
0.2073 
0.2073 
0.2073 
0.2073 
0.2073 
0.2073 
0.2073 
0.2073 
0.2073 
0.2073 
0.2073 
0.2073 
0.2073 
0.2073 
0.2073 
0.2073 
0.2073 
0.2073 
0.2073 
0.2073 
0.2073 
0.2073 
0.2073 
0.2073 
0.2073 
0.2073 
0.2073 
0.2073 
0.2073 
0.2073 
0.2073 
0.2073 
0.2073 
0.2073 
0.2073 
0.2073 
0.2073 
0.2073 
0.2073 
0.2073 
0.2073 
0.2073 
0.2073 
0.2073 
0.2073 
0.2073 
0.2073 
0.2073 
0.2073 
0.2073 
0.2073 
0.2073 
0.2073 
0.2073 
0.2073 
0.2073 
0.2073 
0.2073 
0.2073 
0.2073 
0.2073 
0.2073 
0.2073 
0.2073 
0.2073 
0.2073 
0.2073 
0.2073 
0.2073 
0.2073 
0.2073 
0.2073 
0.2073 
0.2073 
0.2130 
0.2130 
0.2130 
0.2130 
0.2130 
0.2130 
0.2130 
0.2130 
0.2130 
0.2130 
0.2130 
0.2122 
0.2113 
0.2113 
0.2113 
0.2113 
0.2172 
0.2172 
0.2172 
0.2172 
0.2172 
0.2172 
0.2172 
0.2172 
0.2172 
0.2172 
0.2172 
0.2172 
0.2172 
0.2172 
0.2172 
0.2172 
0.2172 
0.2172 
0.2172 
0.2172 
0.2172 
0.2172 
0.2172 
0.2172 
0.2172 
0.2172 
0.2172 
0.2172 
0.2172 
0.2172 
0.2172 
0.2172 
0.2172 
0.2172 
0.2172 
0.2172 
0.2172 
0.2172 
0.2172 
0.2172 
0.2172 
0.2172 
0.2172 
0.2172 
0.2172 
0.2172 
0.2172 
0.2172 
0.2172 
0.2172 
0.2172 
0.2172 
0.2172 
0.2172 
0.2172 
0.2172 
0.2172 
0.2172 
0.2172 
0.2172 
0.2172 
0.2172 
0.2172 
0.2172 
0.2172 
0.2172 
0.2172 
0.2172 
0.2172 
0.2172 
0.2172 
0.2172 
0.2172 
0.2172 
0.2172 
0.2172 
0.2172 
0.2172 
0.2172 
0.2172 
0.2172 
0.2172 
0.2172 
0.2172 
0.2172 
0.2172 
0.2172 
0.2172 
0.2172 
0.2172 
0.2172 
0.2172 
0.2172 
0.2172 
0.2172 
