0.2161 
0.2232 
0.2232 
0.2232 
0.2394 
0.2698 
0.2777 
0.4030 
0.4802 
0.5617 
0.6243 
0.6180 
0.6283 
0.6330 
0.6633 
0.6607 
0.6726 
0.6761 
0.6826 
0.6871 
0.6761 
0.7000 
0.7044 
0.7000 
0.7000 
0.7096 
0.7074 
0.6955 
0.7013 
0.7013 
0.7081 
0.7115 
0.6991 
0.7027 
0.6801 
0.6854 
0.6963 
0.6973 
0.7189 
0.7238 
0.7369 
0.7128 
0.7154 
0.7236 
0.7426 
0.7213 
0.7426 
0.7426 
0.7171 
0.7486 
0.7505 
0.7371 
0.7639 
0.7857 
0.7541 
0.7686 
0.7776 
0.7581 
0.7671 
0.7704 
0.7669 
0.7704 
0.7613 
0.7605 
0.7487 
0.7479 
0.7550 
0.7487 
0.7535 
0.7487 
0.7464 
0.6424 
0.5953 
0.6134 
0.7452 
0.7158 
0.6922 
0.7219 
0.7325 
0.6629 
0.6349 
0.6625 
0.7137 
0.7213 
0.7061 
0.6964 
0.7019 
0.7043 
0.7083 
0.6990 
0.7004 
0.6966 
0.7124 
0.7193 
0.7280 
0.7139 
0.6861 
0.6805 
0.6927 
0.7148 
0.7204 
0.7315 
0.7248 
0.7248 
0.7179 
0.7248 
0.7237 
0.7370 
0.7436 
0.7533 
0.7533 
0.7533 
0.7576 
0.7576 
0.7512 
0.7436 
0.7436 
0.7436 
0.7436 
0.7436 
0.7436 
0.7501 
0.7501 
0.7565 
0.7565 
0.7565 
0.7565 
0.7565 
0.7565 
0.7501 
0.7501 
0.7501 
0.7501 
0.7501 
0.7501 
0.7565 
0.7565 
0.7576 
0.7512 
0.7512 
0.7512 
0.7512 
0.7512 
0.7448 
0.7448 
0.7448 
0.7512 
0.7512 
0.7512 
0.7512 
0.7512 
0.7512 
0.7512 
0.7512 
0.7512 
0.7448 
0.7448 
0.7448 
0.7448 
0.7525 
0.7525 
0.7525 
0.7525 
0.7525 
0.7525 
0.7525 
0.7525 
0.7525 
0.7525 
0.7525 
0.7525 
0.7525 
0.7525 
0.7525 
0.7525 
0.7525 
0.7525 
0.7525 
0.7525 
0.7525 
0.7525 
0.7512 
0.7512 
0.7512 
0.7512 
0.7512 
0.7512 
0.7512 
0.7512 
0.7512 
0.7512 
0.7512 
0.7512 
0.7512 
0.7512 
0.7512 
0.7512 
0.7512 
0.7448 
0.7392 
0.7392 
0.7392 
0.7392 
0.7392 
0.7392 
0.7392 
0.7392 
0.7392 
0.7392 
0.7392 
0.7392 
0.7392 
0.7392 
0.7392 
0.7392 
0.7392 
0.7392 
0.7392 
0.7392 
0.7392 
0.7392 
0.7392 
0.7392 
0.7392 
0.7392 
0.7392 
0.7392 
0.7392 
0.7392 
0.7392 
0.7392 
0.7392 
0.7392 
0.7392 
0.7392 
0.7327 
0.7327 
0.7327 
0.7327 
0.7327 
0.7327 
0.7327 
0.7327 
0.7327 
0.7327 
0.7327 
0.7327 
0.7327 
0.7327 
0.7327 
0.7327 
0.7327 
0.7327 
0.7327 
0.7327 
0.7327 
0.7327 
0.7327 
0.7327 
0.7327 
0.7327 
0.7327 
0.7327 
0.7327 
0.7327 
0.7327 
0.7327 
0.7327 
0.7327 
0.7327 
0.7327 
0.7327 
0.7327 
0.7327 
0.7327 
0.7327 
0.7327 
0.7327 
0.7327 
0.7327 
0.7327 
0.7327 
0.7327 
0.7327 
0.7327 
0.7327 
0.7327 
0.7327 
0.7327 
0.7327 
0.7327 
0.7327 
0.7327 
0.7327 
0.7327 
0.7327 
0.7327 
0.7327 
0.7327 
0.7327 
