0.3265 
0.5034 
0.5034 
0.5034 
0.5102 
0.5238 
0.5170 
0.5782 
0.5850 
0.6190 
0.6667 
0.6599 
0.6667 
0.6667 
0.6939 
0.6939 
0.7007 
0.7075 
0.7143 
0.7143 
0.7007 
0.7279 
0.7347 
0.7279 
0.7279 
0.7347 
0.7347 
0.7211 
0.7211 
0.7211 
0.7279 
0.7279 
0.7143 
0.7143 
0.6939 
0.7007 
0.7075 
0.7075 
0.7279 
0.7279 
0.7483 
0.7211 
0.7279 
0.7347 
0.7483 
0.7347 
0.7483 
0.7483 
0.7279 
0.7551 
0.7551 
0.7483 
0.7687 
0.7891 
0.7619 
0.7755 
0.7823 
0.7687 
0.7755 
0.7755 
0.7755 
0.7755 
0.7687 
0.7687 
0.7551 
0.7551 
0.7619 
0.7551 
0.7619 
0.7551 
0.7551 
0.6259 
0.6395 
0.6531 
0.7551 
0.7143 
0.6939 
0.7347 
0.7415 
0.6871 
0.6667 
0.6803 
0.7279 
0.7347 
0.7143 
0.7007 
0.7075 
0.7143 
0.7211 
0.7143 
0.7143 
0.7143 
0.7279 
0.7347 
0.7415 
0.7279 
0.6939 
0.6871 
0.7007 
0.7279 
0.7347 
0.7415 
0.7347 
0.7347 
0.7279 
0.7347 
0.7347 
0.7483 
0.7551 
0.7619 
0.7619 
0.7619 
0.7687 
0.7687 
0.7619 
0.7551 
0.7551 
0.7551 
0.7551 
0.7551 
0.7551 
0.7619 
0.7619 
0.7687 
0.7687 
0.7687 
0.7687 
0.7687 
0.7687 
0.7619 
0.7619 
0.7619 
0.7619 
0.7619 
0.7619 
0.7687 
0.7687 
0.7687 
0.7619 
0.7619 
0.7619 
0.7619 
0.7619 
0.7551 
0.7551 
0.7551 
0.7619 
0.7619 
0.7619 
0.7619 
0.7619 
0.7619 
0.7619 
0.7619 
0.7619 
0.7551 
0.7551 
0.7551 
0.7551 
0.7619 
0.7619 
0.7619 
0.7619 
0.7619 
0.7619 
0.7619 
0.7619 
0.7619 
0.7619 
0.7619 
0.7619 
0.7619 
0.7619 
0.7619 
0.7619 
0.7619 
0.7619 
0.7619 
0.7619 
0.7619 
0.7619 
0.7619 
0.7619 
0.7619 
0.7619 
0.7619 
0.7619 
0.7619 
0.7619 
0.7619 
0.7619 
0.7619 
0.7619 
0.7619 
0.7619 
0.7619 
0.7619 
0.7619 
0.7551 
0.7483 
0.7483 
0.7483 
0.7483 
0.7483 
0.7483 
0.7483 
0.7483 
0.7483 
0.7483 
0.7483 
0.7483 
0.7483 
0.7483 
0.7483 
0.7483 
0.7483 
0.7483 
0.7483 
0.7483 
0.7483 
0.7483 
0.7483 
0.7483 
0.7483 
0.7483 
0.7483 
0.7483 
0.7483 
0.7483 
0.7483 
0.7483 
0.7483 
0.7483 
0.7483 
0.7483 
0.7415 
0.7415 
0.7415 
0.7415 
0.7415 
0.7415 
0.7415 
0.7415 
0.7415 
0.7415 
0.7415 
0.7415 
0.7415 
0.7415 
0.7415 
0.7415 
0.7415 
0.7415 
0.7415 
0.7415 
0.7415 
0.7415 
0.7415 
0.7415 
0.7415 
0.7415 
0.7415 
0.7415 
0.7415 
0.7415 
0.7415 
0.7415 
0.7415 
0.7415 
0.7415 
0.7415 
0.7415 
0.7415 
0.7415 
0.7415 
0.7415 
0.7415 
0.7415 
0.7415 
0.7415 
0.7415 
0.7415 
0.7415 
0.7415 
0.7415 
0.7415 
0.7415 
0.7415 
0.7415 
0.7415 
0.7415 
0.7415 
0.7415 
0.7415 
0.7415 
0.7415 
0.7415 
0.7415 
0.7415 
0.7415 
