0.3400 
0.4800 
0.5450 
0.5725 
0.6225 
0.6900 
0.7575 
0.7775 
0.7825 
0.7900 
0.7950 
0.8000 
0.8125 
0.8225 
0.8375 
0.8375 
0.8475 
0.8475 
0.8425 
0.8450 
0.8475 
0.8500 
0.8525 
0.8525 
0.8575 
0.8425 
0.8475 
0.8450 
0.8500 
0.8500 
0.8650 
0.8550 
0.8700 
0.8750 
0.8725 
0.8750 
0.8725 
0.8625 
0.8675 
0.8625 
0.8725 
0.8750 
0.8800 
0.8750 
0.8775 
0.8925 
0.8975 
0.8925 
0.8950 
0.9025 
0.9025 
0.9050 
0.9050 
0.9200 
0.9200 
0.9175 
0.9175 
0.9225 
0.9250 
0.9250 
0.9200 
0.9225 
0.9250 
0.9350 
0.9325 
0.9300 
0.9250 
0.9150 
0.9425 
0.9225 
0.9200 
0.9275 
0.9300 
0.9100 
0.9075 
0.9200 
0.9250 
0.9300 
0.9350 
0.9375 
0.9375 
0.9400 
0.9400 
0.9375 
0.9375 
0.9400 
0.9450 
0.9475 
0.9525 
0.9575 
0.9500 
0.9500 
0.9525 
0.9575 
0.9525 
0.9500 
0.9475 
0.9475 
0.9450 
0.9475 