0.1509 
0.2232 
0.2232 
0.2232 
0.2232 
0.2232 
0.2232 
0.2394 
0.2841 
0.3577 
0.4366 
0.4729 
0.5304 
0.5490 
0.5753 
0.5773 
0.6263 
0.6684 
0.6726 
0.6777 
0.6707 
0.6653 
0.6869 
0.6935 
0.6946 
0.7043 
0.6988 
0.7133 
0.7133 
0.7133 
0.7025 
0.6946 
0.7058 
0.7158 
0.7031 
0.7099 
0.7124 
0.7010 
0.7045 
0.7060 
0.7159 
0.7118 
0.7128 
0.7197 
0.7215 
0.7301 
0.7111 
0.7204 
0.7160 
0.7392 
0.7228 
0.7294 
0.7392 
0.7294 
0.7383 
0.7383 
0.7451 
0.7776 
0.7460 
0.7776 
0.7685 
0.7503 
0.7613 
0.7605 
0.7535 
0.7479 
0.7550 
0.7479 
0.7535 
0.7479 
0.7535 
0.7479 
0.7550 
0.7543 
0.7342 
0.6152 
0.6011 
0.6029 
0.7006 
0.6991 
0.6782 
0.7146 
0.7197 
0.7060 
0.6374 
0.6002 
0.6437 
0.6966 
0.7213 
0.7237 
0.7077 
0.7005 
0.6936 
0.6971 
0.7098 
0.7014 
0.7009 
0.7019 
0.7155 
0.7041 
