0.1670 
0.2232 
0.2232 
0.2232 
0.2232 
0.2232 
0.2394 
0.2841 
0.3038 
0.3829 
0.4378 
0.4948 
0.5358 
0.5504 
0.5561 
0.5878 
0.6146 
0.6404 
0.6556 
0.6453 
0.6697 
0.6787 
0.6998 
0.7066 
0.6931 
0.7043 
0.7025 
0.6867 
0.6815 
0.6958 
0.6855 
0.6923 
0.6924 
0.6891 
0.6968 
0.7190 
0.7233 
0.7254 
0.7369 
0.7406 
0.7458 
0.7569 
0.7538 
0.7413 
0.7413 
0.7527 
0.7534 
0.7477 
0.7471 
0.7537 
0.7666 
0.7458 
0.7650 
0.7740 
0.7520 
0.7676 
0.7676 
0.7596 
0.7561 
0.7751 
0.7661 
0.7775 
0.7724 
0.7724 
0.7700 
0.7724 
0.7724 
0.7596 
0.7669 
0.7530 
0.6895 
0.6096 
0.7530 
0.6352 
0.7357 
0.6982 
0.5914 
0.7070 
0.7224 
0.6969 
0.6807 
0.6986 
0.7305 
0.7166 
0.6912 
0.7147 
0.7332 
0.7351 
0.7133 
0.6937 
0.7067 
0.7324 
0.7360 
0.7270 
0.7199 
0.7199 
0.7348 
0.7371 
0.7512 
0.7520 
