0.2695
0.2232
0.3286
0.1136
0.5043
0.2777
0.2232
0.2171
0.2118
0.2118
0.2075
0.2114
0.2274
0.2799
0.3229
0.3631
0.443
0.4668
0.4639
0.4675
0.5472
0.5575
0.5382
0.5342
0.5789
0.6002
0.6422
0.6286
0.6497
0.6134
0.6371
0.6642
0.6579
0.6569
0.6665
0.6402
0.6426
0.6374
0.657
0.6546
0.6851
0.6495
0.6526
0.6826
0.6486
0.6921
0.6725
0.6553
0.6515
0.6303
0.687
0.6503
0.6965
0.7071
0.6622
0.6664
0.6576
0.6982
0.6966
0.7301
0.7549
0.7135
0.6906
0.6422
0.5953
0.7225
0.6269
0.6651
0.6045
0.6018
0.6416
0.6528
0.6491
0.6894
0.693
0.6953
0.6859
0.7169
0.6862
0.6714
0.666
0.6719
0.6569
0.6534
0.675
0.6735
0.7049
0.7091
0.7023
0.6784
0.6849
0.693
0.7076
0.7086
0.7108
0.6925
0.7133
0.7206
0.7082
0.6308
