0.2993 
0.5034 
0.5034 
0.5034 
0.5034 
0.5034 
0.5102 
0.5306 
0.5306 
0.5714 
0.5782 
0.5986 
0.6190 
0.6259 
0.6327 
0.6463 
0.6599 
0.6803 
0.6871 
0.6803 
0.7007 
0.7075 
0.7347 
0.7415 
0.7279 
0.7279 
0.7211 
0.7075 
0.7075 
0.7143 
0.7075 
0.7143 
0.7075 
0.7075 
0.7075 
0.7347 
0.7347 
0.7347 
0.7415 
0.7483 
0.7483 
0.7619 
0.7619 
0.7483 
0.7483 
0.7619 
0.7619 
0.7551 
0.7551 
0.7619 
0.7755 
0.7551 
0.7755 
0.7823 
0.7619 
0.7755 
0.7755 
0.7687 
0.7687 
0.7823 
0.7755 
0.7891 
0.7823 
0.7823 
0.7823 
0.7823 
0.7823 
0.7687 
0.7755 
0.7619 
0.6871 
0.6463 
0.7619 
0.6259 
0.7415 
0.7143 
0.6395 
0.7279 
0.7347 
0.7007 
0.6871 
0.7075 
0.7483 
0.7347 
0.7143 
0.7347 
0.7483 
0.7483 
0.7211 
0.7007 
0.7143 
0.7415 
0.7483 
0.7415 
0.7347 
0.7347 
0.7483 
0.7483 
0.7619 
0.7619 
