0.3605
0.5034
0.3741
0.2041
0.585
0.517
0.5034
0.483
0.4626
0.4626
0.449
0.4286
0.4218
0.4082
0.4354
0.4898
0.5714
0.5714
0.585
0.585
0.6259
0.6122
0.585
0.5782
0.6259
0.6395
0.6735
0.6531
0.6667
0.6463
0.6735
0.6871
0.6803
0.6803
0.6735
0.6599
0.6667
0.6531
0.6803
0.6803
0.7007
0.6599
0.6735
0.6939
0.6667
0.7007
0.6803
0.6803
0.6803
0.6531
0.6939
0.6667
0.7143
0.7143
0.6871
0.6735
0.6667
0.7075
0.7075
0.7415
0.7619
0.7143
0.7007
0.6395
0.6531
0.7279
0.6327
0.6803
0.6463
0.619
0.6395
0.6599
0.6667
0.7075
0.7075
0.7075
0.7075
0.7347
0.7007
0.6803
0.6803
0.6871
0.6667
0.6599
0.6871
0.6871
0.7143
0.7211
0.7143
0.6871
0.6939
0.7075
0.7211
0.7211
0.7279
0.7075
0.7279
0.7347
0.7347
0.6395
